TEAM,YEAR,GP_home,W_home,L_home,WIN%_home,GP_road,W_road,L_road,WIN%_road
Dallas Mavericks,2019-20,34.0,19.0,15.0,0.559,33.0,21.0,12.0,0.636
Houston Rockets,2019-20,32.0,22.0,10.0,0.688,32.0,18.0,14.0,0.563
Milwaukee Bucks,2019-20,31.0,28.0,3.0,0.903,34.0,25.0,9.0,0.735
Miami Heat,2019-20,32.0,27.0,5.0,0.844,33.0,14.0,19.0,0.424
Toronto Raptors,2019-20,32.0,23.0,9.0,0.719,32.0,23.0,9.0,0.719
New Orleans Pelicans,2019-20,32.0,13.0,19.0,0.406,32.0,15.0,17.0,0.469
Portland Trail Blazers,2019-20,32.0,18.0,14.0,0.563,34.0,11.0,23.0,0.324
Utah Jazz,2019-20,31.0,21.0,10.0,0.677,33.0,20.0,13.0,0.606
Brooklyn Nets,2019-20,32.0,18.0,14.0,0.563,32.0,12.0,20.0,0.375
Boston Celtics,2019-20,32.0,23.0,9.0,0.719,32.0,20.0,12.0,0.625
Minnesota Timberwolves,2019-20,32.0,8.0,24.0,0.25,32.0,11.0,21.0,0.344
LA Clippers,2019-20,32.0,25.0,7.0,0.781,32.0,19.0,13.0,0.594
Detroit Pistons,2019-20,33.0,11.0,22.0,0.333,33.0,9.0,24.0,0.273
Sacramento Kings,2019-20,31.0,14.0,17.0,0.452,33.0,14.0,19.0,0.424
Charlotte Hornets,2019-20,31.0,10.0,21.0,0.323,34.0,13.0,21.0,0.382
Washington Wizards,2019-20,32.0,16.0,16.0,0.5,32.0,8.0,24.0,0.25
Chicago Bulls,2019-20,34.0,14.0,20.0,0.412,31.0,8.0,23.0,0.258
Phoenix Suns,2019-20,35.0,13.0,22.0,0.371,30.0,13.0,17.0,0.433
Atlanta Hawks,2019-20,34.0,14.0,20.0,0.412,33.0,6.0,27.0,0.182
Cleveland Cavaliers,2019-20,36.0,11.0,25.0,0.306,29.0,8.0,21.0,0.276
Philadelphia 76ers,2019-20,31.0,29.0,2.0,0.935,34.0,10.0,24.0,0.294
Los Angeles Lakers,2019-20,31.0,23.0,8.0,0.742,32.0,26.0,6.0,0.813
San Antonio Spurs,2019-20,30.0,16.0,14.0,0.533,33.0,11.0,22.0,0.333
Orlando Magic,2019-20,31.0,16.0,15.0,0.516,34.0,14.0,20.0,0.412
Golden State Warriors,2019-20,34.0,8.0,26.0,0.235,31.0,7.0,24.0,0.226
Memphis Grizzlies,2019-20,33.0,18.0,15.0,0.545,32.0,14.0,18.0,0.438
Oklahoma City Thunder,2019-20,33.0,20.0,13.0,0.606,31.0,20.0,11.0,0.645
Denver Nuggets,2019-20,33.0,25.0,8.0,0.758,32.0,18.0,14.0,0.563
Indiana Pacers,2019-20,32.0,21.0,11.0,0.656,33.0,18.0,15.0,0.545
New York Knicks,2019-20,33.0,11.0,22.0,0.333,33.0,10.0,23.0,0.303
Houston Rockets,1999-00,41.0,22.0,19.0,0.537,41.0,12.0,29.0,0.293
Indiana Pacers,1999-00,41.0,36.0,5.0,0.878,41.0,20.0,21.0,0.488
Sacramento Kings,1999-00,41.0,30.0,11.0,0.732,41.0,14.0,27.0,0.341
Seattle SuperSonics,1999-00,41.0,24.0,17.0,0.585,41.0,21.0,20.0,0.512
Denver Nuggets,1999-00,41.0,25.0,16.0,0.61,41.0,10.0,31.0,0.244
Dallas Mavericks,1999-00,41.0,22.0,19.0,0.537,41.0,18.0,23.0,0.439
New Jersey Nets,1999-00,41.0,22.0,19.0,0.537,41.0,9.0,32.0,0.22
Miami Heat,1999-00,41.0,33.0,8.0,0.805,41.0,19.0,22.0,0.463
Boston Celtics,1999-00,41.0,26.0,15.0,0.634,41.0,9.0,32.0,0.22
Phoenix Suns,1999-00,41.0,32.0,9.0,0.78,41.0,21.0,20.0,0.512
Detroit Pistons,1999-00,41.0,27.0,14.0,0.659,41.0,15.0,26.0,0.366
Toronto Raptors,1999-00,41.0,26.0,15.0,0.634,41.0,19.0,22.0,0.463
Cleveland Cavaliers,1999-00,41.0,22.0,19.0,0.537,41.0,10.0,31.0,0.244
Los Angeles Clippers,1999-00,41.0,10.0,31.0,0.244,41.0,5.0,36.0,0.122
Milwaukee Bucks,1999-00,41.0,23.0,18.0,0.561,41.0,19.0,22.0,0.463
Portland Trail Blazers,1999-00,41.0,30.0,11.0,0.732,41.0,29.0,12.0,0.707
Chicago Bulls,1999-00,41.0,12.0,29.0,0.293,41.0,5.0,36.0,0.122
Utah Jazz,1999-00,41.0,31.0,10.0,0.756,41.0,24.0,17.0,0.585
San Antonio Spurs,1999-00,41.0,31.0,10.0,0.756,41.0,22.0,19.0,0.537
Charlotte Hornets,1999-00,41.0,30.0,11.0,0.732,41.0,19.0,22.0,0.463
New York Knicks,1999-00,41.0,33.0,8.0,0.805,41.0,17.0,24.0,0.415
Vancouver Grizzlies,1999-00,41.0,12.0,29.0,0.293,41.0,10.0,31.0,0.244
Golden State Warriors,1999-00,41.0,12.0,29.0,0.293,41.0,7.0,34.0,0.171
Washington Wizards,1999-00,41.0,17.0,24.0,0.415,41.0,12.0,29.0,0.293
Los Angeles Lakers,1999-00,41.0,36.0,5.0,0.878,41.0,31.0,10.0,0.756
Orlando Magic,1999-00,41.0,26.0,15.0,0.634,41.0,15.0,26.0,0.366
Atlanta Hawks,1999-00,41.0,21.0,20.0,0.512,41.0,7.0,34.0,0.171
Minnesota Timberwolves,1999-00,41.0,26.0,15.0,0.634,41.0,24.0,17.0,0.585
Philadelphia 76ers,1999-00,41.0,29.0,12.0,0.707,41.0,20.0,21.0,0.488
Boston Celtics,2000-01,41.0,20.0,21.0,0.488,41.0,16.0,25.0,0.39
Denver Nuggets,2000-01,41.0,29.0,12.0,0.707,41.0,11.0,30.0,0.268
Milwaukee Bucks,2000-01,41.0,31.0,10.0,0.756,41.0,21.0,20.0,0.512
Dallas Mavericks,2000-01,41.0,28.0,13.0,0.683,41.0,25.0,16.0,0.61
Orlando Magic,2000-01,41.0,26.0,15.0,0.634,41.0,17.0,24.0,0.415
Sacramento Kings,2000-01,41.0,33.0,8.0,0.805,41.0,22.0,19.0,0.537
Seattle SuperSonics,2000-01,41.0,26.0,15.0,0.634,41.0,18.0,23.0,0.439
Los Angeles Lakers,2000-01,41.0,31.0,10.0,0.756,41.0,25.0,16.0,0.61
Toronto Raptors,2000-01,41.0,27.0,14.0,0.659,41.0,20.0,21.0,0.488
Houston Rockets,2000-01,41.0,24.0,17.0,0.585,41.0,21.0,20.0,0.512
Miami Heat,2000-01,41.0,29.0,12.0,0.707,41.0,21.0,20.0,0.512
San Antonio Spurs,2000-01,41.0,33.0,8.0,0.805,41.0,25.0,16.0,0.61
Indiana Pacers,2000-01,41.0,26.0,15.0,0.634,41.0,15.0,26.0,0.366
Detroit Pistons,2000-01,41.0,18.0,23.0,0.439,41.0,14.0,27.0,0.341
New York Knicks,2000-01,41.0,30.0,11.0,0.732,41.0,18.0,23.0,0.439
Atlanta Hawks,2000-01,41.0,18.0,23.0,0.439,41.0,7.0,34.0,0.171
New Jersey Nets,2000-01,41.0,18.0,23.0,0.439,41.0,8.0,33.0,0.195
Los Angeles Clippers,2000-01,41.0,22.0,19.0,0.537,41.0,9.0,32.0,0.22
Portland Trail Blazers,2000-01,41.0,28.0,13.0,0.683,41.0,22.0,19.0,0.537
Utah Jazz,2000-01,41.0,28.0,13.0,0.683,41.0,25.0,16.0,0.61
Phoenix Suns,2000-01,41.0,31.0,10.0,0.756,41.0,20.0,21.0,0.488
Chicago Bulls,2000-01,41.0,10.0,31.0,0.244,41.0,5.0,36.0,0.122
Golden State Warriors,2000-01,41.0,11.0,30.0,0.268,41.0,6.0,35.0,0.146
Charlotte Hornets,2000-01,41.0,28.0,13.0,0.683,41.0,18.0,23.0,0.439
Vancouver Grizzlies,2000-01,41.0,15.0,26.0,0.366,41.0,8.0,33.0,0.195
Minnesota Timberwolves,2000-01,41.0,30.0,11.0,0.732,41.0,17.0,24.0,0.415
Washington Wizards,2000-01,41.0,12.0,29.0,0.293,41.0,7.0,34.0,0.171
Philadelphia 76ers,2000-01,41.0,29.0,12.0,0.707,41.0,27.0,14.0,0.659
Cleveland Cavaliers,2000-01,41.0,20.0,21.0,0.488,41.0,10.0,31.0,0.244
Boston Celtics,2001-02,41.0,27.0,14.0,0.659,41.0,22.0,19.0,0.537
Orlando Magic,2001-02,41.0,27.0,14.0,0.659,41.0,17.0,24.0,0.415
Dallas Mavericks,2001-02,41.0,30.0,11.0,0.732,41.0,27.0,14.0,0.659
Milwaukee Bucks,2001-02,41.0,25.0,16.0,0.61,41.0,16.0,25.0,0.39
Detroit Pistons,2001-02,41.0,26.0,15.0,0.634,41.0,24.0,17.0,0.585
Houston Rockets,2001-02,41.0,18.0,23.0,0.439,41.0,10.0,31.0,0.244
Portland Trail Blazers,2001-02,41.0,30.0,11.0,0.732,41.0,19.0,22.0,0.463
Los Angeles Lakers,2001-02,41.0,34.0,7.0,0.829,41.0,24.0,17.0,0.585
Atlanta Hawks,2001-02,41.0,23.0,18.0,0.561,41.0,10.0,31.0,0.244
Seattle SuperSonics,2001-02,41.0,26.0,15.0,0.634,41.0,19.0,22.0,0.463
Sacramento Kings,2001-02,41.0,36.0,5.0,0.878,41.0,25.0,16.0,0.61
San Antonio Spurs,2001-02,41.0,32.0,9.0,0.78,41.0,26.0,15.0,0.634
Denver Nuggets,2001-02,41.0,20.0,21.0,0.488,41.0,7.0,34.0,0.171
New York Knicks,2001-02,41.0,19.0,22.0,0.463,41.0,11.0,30.0,0.268
Los Angeles Clippers,2001-02,41.0,25.0,16.0,0.61,41.0,14.0,27.0,0.341
New Jersey Nets,2001-02,41.0,33.0,8.0,0.805,41.0,19.0,22.0,0.463
Indiana Pacers,2001-02,41.0,25.0,16.0,0.61,41.0,17.0,24.0,0.415
Toronto Raptors,2001-02,41.0,24.0,17.0,0.585,41.0,18.0,23.0,0.439
Minnesota Timberwolves,2001-02,41.0,29.0,12.0,0.707,41.0,21.0,20.0,0.512
Cleveland Cavaliers,2001-02,41.0,20.0,21.0,0.488,41.0,9.0,32.0,0.22
Memphis Grizzlies,2001-02,41.0,15.0,26.0,0.366,41.0,8.0,33.0,0.195
Phoenix Suns,2001-02,41.0,23.0,18.0,0.561,41.0,13.0,28.0,0.317
Charlotte Hornets,2001-02,41.0,21.0,20.0,0.512,41.0,23.0,18.0,0.561
Chicago Bulls,2001-02,41.0,14.0,27.0,0.341,41.0,7.0,34.0,0.171
Golden State Warriors,2001-02,41.0,14.0,27.0,0.341,41.0,7.0,34.0,0.171
Miami Heat,2001-02,41.0,18.0,23.0,0.439,41.0,18.0,23.0,0.439
Utah Jazz,2001-02,41.0,25.0,16.0,0.61,41.0,19.0,22.0,0.463
Washington Wizards,2001-02,41.0,22.0,19.0,0.537,41.0,15.0,26.0,0.366
Philadelphia 76ers,2001-02,41.0,22.0,19.0,0.537,41.0,21.0,20.0,0.512
Boston Celtics,2002-03,41.0,25.0,16.0,0.61,41.0,19.0,22.0,0.463
Milwaukee Bucks,2002-03,41.0,25.0,16.0,0.61,41.0,17.0,24.0,0.415
New York Knicks,2002-03,41.0,24.0,17.0,0.585,41.0,13.0,28.0,0.317
Dallas Mavericks,2002-03,41.0,33.0,8.0,0.805,41.0,27.0,14.0,0.659
Sacramento Kings,2002-03,41.0,35.0,6.0,0.854,41.0,24.0,17.0,0.585
Detroit Pistons,2002-03,41.0,30.0,11.0,0.732,41.0,20.0,21.0,0.488
Memphis Grizzlies,2002-03,41.0,20.0,21.0,0.488,41.0,8.0,33.0,0.195
Orlando Magic,2002-03,41.0,26.0,15.0,0.634,41.0,16.0,25.0,0.39
Los Angeles Lakers,2002-03,41.0,31.0,10.0,0.756,41.0,19.0,22.0,0.463
Seattle SuperSonics,2002-03,41.0,25.0,16.0,0.61,41.0,15.0,26.0,0.366
Houston Rockets,2002-03,41.0,28.0,13.0,0.683,41.0,15.0,26.0,0.366
San Antonio Spurs,2002-03,41.0,33.0,8.0,0.805,41.0,27.0,14.0,0.659
Golden State Warriors,2002-03,41.0,24.0,17.0,0.585,41.0,14.0,27.0,0.341
New Orleans Hornets,2002-03,41.0,29.0,12.0,0.707,41.0,18.0,23.0,0.439
Toronto Raptors,2002-03,41.0,15.0,26.0,0.366,41.0,9.0,32.0,0.22
Phoenix Suns,2002-03,41.0,30.0,11.0,0.732,41.0,14.0,27.0,0.341
Atlanta Hawks,2002-03,41.0,26.0,15.0,0.634,41.0,9.0,32.0,0.22
Los Angeles Clippers,2002-03,41.0,16.0,25.0,0.39,41.0,11.0,30.0,0.268
Indiana Pacers,2002-03,41.0,32.0,9.0,0.78,41.0,16.0,25.0,0.39
Portland Trail Blazers,2002-03,41.0,27.0,14.0,0.659,41.0,23.0,18.0,0.561
Chicago Bulls,2002-03,41.0,27.0,14.0,0.659,41.0,3.0,38.0,0.073
Miami Heat,2002-03,41.0,16.0,25.0,0.39,41.0,9.0,32.0,0.22
Minnesota Timberwolves,2002-03,41.0,33.0,8.0,0.805,41.0,18.0,23.0,0.439
New Jersey Nets,2002-03,41.0,33.0,8.0,0.805,41.0,16.0,25.0,0.39
Cleveland Cavaliers,2002-03,41.0,14.0,27.0,0.341,41.0,3.0,38.0,0.073
Philadelphia 76ers,2002-03,41.0,25.0,16.0,0.61,41.0,23.0,18.0,0.561
Washington Wizards,2002-03,41.0,23.0,18.0,0.561,41.0,14.0,27.0,0.341
Utah Jazz,2002-03,41.0,29.0,12.0,0.707,41.0,18.0,23.0,0.439
Denver Nuggets,2002-03,41.0,13.0,28.0,0.317,41.0,4.0,37.0,0.098
Seattle SuperSonics,2003-04,41.0,21.0,20.0,0.512,41.0,16.0,25.0,0.39
Sacramento Kings,2003-04,41.0,34.0,7.0,0.829,41.0,21.0,20.0,0.512
Boston Celtics,2003-04,41.0,19.0,22.0,0.463,41.0,17.0,24.0,0.415
Dallas Mavericks,2003-04,41.0,36.0,5.0,0.878,41.0,16.0,25.0,0.39
New Orleans Hornets,2003-04,41.0,25.0,16.0,0.61,41.0,16.0,25.0,0.39
Houston Rockets,2003-04,41.0,27.0,14.0,0.659,41.0,18.0,23.0,0.439
Miami Heat,2003-04,41.0,29.0,12.0,0.707,41.0,13.0,28.0,0.317
Phoenix Suns,2003-04,41.0,18.0,23.0,0.439,41.0,11.0,30.0,0.268
Toronto Raptors,2003-04,41.0,18.0,23.0,0.439,41.0,15.0,26.0,0.366
Milwaukee Bucks,2003-04,41.0,27.0,14.0,0.659,41.0,14.0,27.0,0.341
Washington Wizards,2003-04,41.0,17.0,24.0,0.415,41.0,8.0,33.0,0.195
Indiana Pacers,2003-04,41.0,34.0,7.0,0.829,41.0,27.0,14.0,0.659
Memphis Grizzlies,2003-04,41.0,31.0,10.0,0.756,41.0,19.0,22.0,0.463
San Antonio Spurs,2003-04,41.0,33.0,8.0,0.805,41.0,24.0,17.0,0.585
Chicago Bulls,2003-04,41.0,14.0,27.0,0.341,41.0,9.0,32.0,0.22
Atlanta Hawks,2003-04,41.0,18.0,23.0,0.439,41.0,10.0,31.0,0.244
Orlando Magic,2003-04,41.0,11.0,30.0,0.268,41.0,10.0,31.0,0.244
Golden State Warriors,2003-04,41.0,27.0,14.0,0.659,41.0,10.0,31.0,0.244
New York Knicks,2003-04,41.0,23.0,18.0,0.561,41.0,16.0,25.0,0.39
New Jersey Nets,2003-04,41.0,28.0,13.0,0.683,41.0,19.0,22.0,0.463
Detroit Pistons,2003-04,41.0,31.0,10.0,0.756,41.0,23.0,18.0,0.561
Portland Trail Blazers,2003-04,41.0,25.0,16.0,0.61,41.0,16.0,25.0,0.39
Denver Nuggets,2003-04,41.0,29.0,12.0,0.707,41.0,14.0,27.0,0.341
Los Angeles Lakers,2003-04,41.0,34.0,7.0,0.829,41.0,22.0,19.0,0.537
Los Angeles Clippers,2003-04,41.0,18.0,23.0,0.439,41.0,10.0,31.0,0.244
Philadelphia 76ers,2003-04,41.0,21.0,20.0,0.512,41.0,12.0,29.0,0.293
Minnesota Timberwolves,2003-04,41.0,31.0,10.0,0.756,41.0,27.0,14.0,0.659
Cleveland Cavaliers,2003-04,41.0,23.0,18.0,0.561,41.0,12.0,29.0,0.293
Utah Jazz,2003-04,41.0,28.0,13.0,0.683,41.0,14.0,27.0,0.341
Phoenix Suns,2004-05,41.0,31.0,10.0,0.756,41.0,31.0,10.0,0.756
Toronto Raptors,2004-05,41.0,22.0,19.0,0.537,41.0,11.0,30.0,0.268
Seattle SuperSonics,2004-05,41.0,26.0,15.0,0.634,41.0,26.0,15.0,0.634
Los Angeles Lakers,2004-05,41.0,22.0,19.0,0.537,41.0,12.0,29.0,0.293
Golden State Warriors,2004-05,41.0,20.0,21.0,0.488,41.0,14.0,27.0,0.341
Sacramento Kings,2004-05,41.0,30.0,11.0,0.732,41.0,20.0,21.0,0.488
Indiana Pacers,2004-05,41.0,25.0,16.0,0.61,41.0,19.0,22.0,0.463
Houston Rockets,2004-05,41.0,26.0,15.0,0.634,41.0,25.0,16.0,0.61
San Antonio Spurs,2004-05,41.0,38.0,3.0,0.927,41.0,21.0,20.0,0.512
Washington Wizards,2004-05,41.0,29.0,12.0,0.707,41.0,16.0,25.0,0.39
Memphis Grizzlies,2004-05,41.0,26.0,15.0,0.634,41.0,19.0,22.0,0.463
Philadelphia 76ers,2004-05,41.0,25.0,16.0,0.61,41.0,18.0,23.0,0.439
Chicago Bulls,2004-05,41.0,27.0,14.0,0.659,41.0,20.0,21.0,0.488
Dallas Mavericks,2004-05,41.0,29.0,12.0,0.707,41.0,29.0,12.0,0.707
Boston Celtics,2004-05,41.0,27.0,14.0,0.659,41.0,18.0,23.0,0.439
Miami Heat,2004-05,41.0,35.0,6.0,0.854,41.0,24.0,17.0,0.585
New York Knicks,2004-05,41.0,22.0,19.0,0.537,41.0,11.0,30.0,0.268
New Orleans Hornets,2004-05,41.0,11.0,30.0,0.268,41.0,7.0,34.0,0.171
New Jersey Nets,2004-05,41.0,24.0,17.0,0.585,41.0,18.0,23.0,0.439
Minnesota Timberwolves,2004-05,41.0,24.0,17.0,0.585,41.0,20.0,21.0,0.488
Portland Trail Blazers,2004-05,41.0,18.0,23.0,0.439,41.0,9.0,32.0,0.22
Detroit Pistons,2004-05,41.0,32.0,9.0,0.78,41.0,22.0,19.0,0.537
Denver Nuggets,2004-05,41.0,31.0,10.0,0.756,41.0,18.0,23.0,0.439
Orlando Magic,2004-05,41.0,24.0,17.0,0.585,41.0,12.0,29.0,0.293
Atlanta Hawks,2004-05,41.0,9.0,32.0,0.22,41.0,4.0,37.0,0.098
Cleveland Cavaliers,2004-05,41.0,29.0,12.0,0.707,41.0,13.0,28.0,0.317
Milwaukee Bucks,2004-05,41.0,23.0,18.0,0.561,41.0,7.0,34.0,0.171
Charlotte Bobcats,2004-05,41.0,14.0,27.0,0.341,41.0,4.0,37.0,0.098
Utah Jazz,2004-05,41.0,18.0,23.0,0.439,41.0,8.0,33.0,0.195
Los Angeles Clippers,2004-05,41.0,27.0,14.0,0.659,41.0,10.0,31.0,0.244
Phoenix Suns,2005-06,41.0,31.0,10.0,0.756,41.0,23.0,18.0,0.561
Seattle SuperSonics,2005-06,41.0,22.0,19.0,0.537,41.0,13.0,28.0,0.317
Toronto Raptors,2005-06,41.0,15.0,26.0,0.366,41.0,12.0,29.0,0.293
Golden State Warriors,2005-06,41.0,21.0,20.0,0.512,41.0,13.0,28.0,0.317
Memphis Grizzlies,2005-06,41.0,30.0,11.0,0.732,41.0,19.0,22.0,0.463
Chicago Bulls,2005-06,41.0,21.0,20.0,0.512,41.0,20.0,21.0,0.488
Indiana Pacers,2005-06,41.0,27.0,14.0,0.659,41.0,14.0,27.0,0.341
Los Angeles Lakers,2005-06,41.0,27.0,14.0,0.659,41.0,18.0,23.0,0.439
Cleveland Cavaliers,2005-06,41.0,31.0,10.0,0.756,41.0,19.0,22.0,0.463
Detroit Pistons,2005-06,41.0,37.0,4.0,0.902,41.0,27.0,14.0,0.659
Sacramento Kings,2005-06,41.0,27.0,14.0,0.659,41.0,17.0,24.0,0.415
Milwaukee Bucks,2005-06,41.0,25.0,16.0,0.61,41.0,15.0,26.0,0.366
San Antonio Spurs,2005-06,41.0,34.0,7.0,0.829,41.0,29.0,12.0,0.707
New Jersey Nets,2005-06,41.0,29.0,12.0,0.707,41.0,20.0,21.0,0.488
Washington Wizards,2005-06,41.0,27.0,14.0,0.659,41.0,15.0,26.0,0.366
Charlotte Bobcats,2005-06,41.0,17.0,24.0,0.415,41.0,9.0,32.0,0.22
Atlanta Hawks,2005-06,41.0,18.0,23.0,0.439,41.0,8.0,33.0,0.195
Boston Celtics,2005-06,41.0,21.0,20.0,0.512,41.0,12.0,29.0,0.293
Miami Heat,2005-06,41.0,31.0,10.0,0.756,41.0,21.0,20.0,0.512
Houston Rockets,2005-06,41.0,15.0,26.0,0.366,41.0,19.0,22.0,0.463
Dallas Mavericks,2005-06,41.0,34.0,7.0,0.829,41.0,26.0,15.0,0.634
Portland Trail Blazers,2005-06,41.0,15.0,26.0,0.366,41.0,6.0,35.0,0.146
Philadelphia 76ers,2005-06,41.0,23.0,18.0,0.561,41.0,15.0,26.0,0.366
Denver Nuggets,2005-06,41.0,26.0,15.0,0.634,41.0,18.0,23.0,0.439
Utah Jazz,2005-06,41.0,22.0,19.0,0.537,41.0,19.0,22.0,0.463
New Orleans/Oklahoma City Hornets,2005-06,41.0,24.0,17.0,0.585,41.0,14.0,27.0,0.341
New York Knicks,2005-06,41.0,15.0,26.0,0.366,41.0,8.0,33.0,0.195
Minnesota Timberwolves,2005-06,41.0,24.0,17.0,0.585,41.0,9.0,32.0,0.22
Orlando Magic,2005-06,41.0,26.0,15.0,0.634,41.0,10.0,31.0,0.244
Los Angeles Clippers,2005-06,41.0,27.0,14.0,0.659,41.0,20.0,21.0,0.488
Phoenix Suns,2006-07,41.0,33.0,8.0,0.805,41.0,28.0,13.0,0.683
Houston Rockets,2006-07,41.0,28.0,13.0,0.683,41.0,24.0,17.0,0.585
Golden State Warriors,2006-07,41.0,30.0,11.0,0.732,41.0,12.0,29.0,0.293
Los Angeles Lakers,2006-07,41.0,25.0,16.0,0.61,41.0,17.0,24.0,0.415
New Jersey Nets,2006-07,41.0,24.0,17.0,0.585,41.0,17.0,24.0,0.415
Toronto Raptors,2006-07,41.0,30.0,11.0,0.732,41.0,17.0,24.0,0.415
Dallas Mavericks,2006-07,41.0,36.0,5.0,0.878,41.0,31.0,10.0,0.756
Sacramento Kings,2006-07,41.0,20.0,21.0,0.488,41.0,13.0,28.0,0.317
Milwaukee Bucks,2006-07,41.0,18.0,23.0,0.439,41.0,10.0,31.0,0.244
Washington Wizards,2006-07,41.0,26.0,15.0,0.634,41.0,15.0,26.0,0.366
San Antonio Spurs,2006-07,41.0,31.0,10.0,0.756,41.0,27.0,14.0,0.659
Memphis Grizzlies,2006-07,41.0,14.0,27.0,0.341,41.0,8.0,33.0,0.195
Cleveland Cavaliers,2006-07,41.0,30.0,11.0,0.732,41.0,20.0,21.0,0.488
Seattle SuperSonics,2006-07,41.0,20.0,21.0,0.488,41.0,11.0,30.0,0.268
Indiana Pacers,2006-07,41.0,22.0,19.0,0.537,41.0,13.0,28.0,0.317
Boston Celtics,2006-07,41.0,12.0,29.0,0.293,41.0,12.0,29.0,0.293
Miami Heat,2006-07,41.0,27.0,14.0,0.659,41.0,17.0,24.0,0.415
Charlotte Bobcats,2006-07,41.0,20.0,21.0,0.488,41.0,13.0,28.0,0.317
Detroit Pistons,2006-07,41.0,26.0,15.0,0.634,41.0,27.0,14.0,0.659
New York Knicks,2006-07,41.0,19.0,22.0,0.463,41.0,14.0,27.0,0.341
New Orleans/Oklahoma City Hornets,2006-07,41.0,24.0,17.0,0.585,41.0,15.0,26.0,0.366
Denver Nuggets,2006-07,41.0,23.0,18.0,0.561,41.0,22.0,19.0,0.537
Portland Trail Blazers,2006-07,41.0,18.0,23.0,0.439,41.0,14.0,27.0,0.341
Chicago Bulls,2006-07,41.0,31.0,10.0,0.756,41.0,18.0,23.0,0.439
Minnesota Timberwolves,2006-07,41.0,20.0,21.0,0.488,41.0,12.0,29.0,0.293
Atlanta Hawks,2006-07,41.0,18.0,23.0,0.439,41.0,12.0,29.0,0.293
Utah Jazz,2006-07,41.0,31.0,10.0,0.756,41.0,20.0,21.0,0.488
Orlando Magic,2006-07,41.0,25.0,16.0,0.61,41.0,15.0,26.0,0.366
Philadelphia 76ers,2006-07,41.0,21.0,20.0,0.512,41.0,14.0,27.0,0.341
Los Angeles Clippers,2006-07,41.0,25.0,16.0,0.61,41.0,15.0,26.0,0.366
Orlando Magic,2007-08,41.0,25.0,16.0,0.61,41.0,27.0,14.0,0.659
Indiana Pacers,2007-08,41.0,21.0,20.0,0.512,41.0,15.0,26.0,0.366
Golden State Warriors,2007-08,41.0,27.0,14.0,0.659,41.0,21.0,20.0,0.512
Memphis Grizzlies,2007-08,41.0,14.0,27.0,0.341,41.0,8.0,33.0,0.195
Los Angeles Lakers,2007-08,41.0,30.0,11.0,0.732,41.0,27.0,14.0,0.659
Phoenix Suns,2007-08,41.0,30.0,11.0,0.732,41.0,25.0,16.0,0.61
Houston Rockets,2007-08,41.0,31.0,10.0,0.756,41.0,24.0,17.0,0.585
San Antonio Spurs,2007-08,41.0,34.0,7.0,0.829,41.0,22.0,19.0,0.537
New Orleans Hornets,2007-08,41.0,30.0,11.0,0.732,41.0,26.0,15.0,0.634
Toronto Raptors,2007-08,41.0,25.0,16.0,0.61,41.0,16.0,25.0,0.39
Washington Wizards,2007-08,41.0,25.0,16.0,0.61,41.0,18.0,23.0,0.439
Portland Trail Blazers,2007-08,41.0,28.0,13.0,0.683,41.0,13.0,28.0,0.317
Denver Nuggets,2007-08,41.0,33.0,8.0,0.805,41.0,17.0,24.0,0.415
Boston Celtics,2007-08,41.0,35.0,6.0,0.854,41.0,31.0,10.0,0.756
Charlotte Bobcats,2007-08,41.0,21.0,20.0,0.512,41.0,11.0,30.0,0.268
Dallas Mavericks,2007-08,41.0,34.0,7.0,0.829,41.0,17.0,24.0,0.415
Cleveland Cavaliers,2007-08,41.0,27.0,14.0,0.659,41.0,18.0,23.0,0.439
Sacramento Kings,2007-08,41.0,26.0,15.0,0.634,41.0,12.0,29.0,0.293
New Jersey Nets,2007-08,41.0,21.0,20.0,0.512,41.0,13.0,28.0,0.317
Detroit Pistons,2007-08,41.0,34.0,7.0,0.829,41.0,25.0,16.0,0.61
New York Knicks,2007-08,41.0,15.0,26.0,0.366,41.0,8.0,33.0,0.195
Milwaukee Bucks,2007-08,41.0,19.0,22.0,0.463,41.0,7.0,34.0,0.171
Utah Jazz,2007-08,41.0,37.0,4.0,0.902,41.0,17.0,24.0,0.415
Miami Heat,2007-08,41.0,9.0,32.0,0.22,41.0,6.0,35.0,0.146
Chicago Bulls,2007-08,41.0,20.0,21.0,0.488,41.0,13.0,28.0,0.317
Minnesota Timberwolves,2007-08,41.0,15.0,26.0,0.366,41.0,7.0,34.0,0.171
Atlanta Hawks,2007-08,41.0,25.0,16.0,0.61,41.0,12.0,29.0,0.293
Seattle SuperSonics,2007-08,41.0,13.0,28.0,0.317,41.0,7.0,34.0,0.171
Los Angeles Clippers,2007-08,41.0,13.0,28.0,0.317,41.0,10.0,31.0,0.244
Philadelphia 76ers,2007-08,41.0,22.0,19.0,0.537,41.0,18.0,23.0,0.439
New York Knicks,2008-09,41.0,20.0,21.0,0.488,41.0,12.0,29.0,0.293
Orlando Magic,2008-09,41.0,32.0,9.0,0.78,41.0,27.0,14.0,0.659
Indiana Pacers,2008-09,41.0,25.0,16.0,0.61,41.0,11.0,30.0,0.268
Cleveland Cavaliers,2008-09,41.0,39.0,2.0,0.951,41.0,27.0,14.0,0.659
New Jersey Nets,2008-09,41.0,19.0,22.0,0.463,41.0,15.0,26.0,0.366
San Antonio Spurs,2008-09,41.0,28.0,13.0,0.683,41.0,26.0,15.0,0.634
Miami Heat,2008-09,41.0,28.0,13.0,0.683,41.0,15.0,26.0,0.366
Houston Rockets,2008-09,41.0,33.0,8.0,0.805,41.0,20.0,21.0,0.488
Dallas Mavericks,2008-09,41.0,32.0,9.0,0.78,41.0,18.0,23.0,0.439
Sacramento Kings,2008-09,41.0,11.0,30.0,0.268,41.0,6.0,35.0,0.146
Atlanta Hawks,2008-09,41.0,31.0,10.0,0.756,41.0,16.0,25.0,0.39
Portland Trail Blazers,2008-09,41.0,34.0,7.0,0.829,41.0,20.0,21.0,0.488
Denver Nuggets,2008-09,41.0,33.0,8.0,0.805,41.0,21.0,20.0,0.512
Los Angeles Lakers,2008-09,41.0,36.0,5.0,0.878,41.0,29.0,12.0,0.707
Boston Celtics,2008-09,41.0,35.0,6.0,0.854,41.0,27.0,14.0,0.659
Golden State Warriors,2008-09,41.0,21.0,20.0,0.512,41.0,8.0,33.0,0.195
Phoenix Suns,2008-09,41.0,28.0,13.0,0.683,41.0,18.0,23.0,0.439
New Orleans Hornets,2008-09,41.0,28.0,13.0,0.683,41.0,21.0,20.0,0.512
Milwaukee Bucks,2008-09,41.0,22.0,19.0,0.537,41.0,12.0,29.0,0.293
Los Angeles Clippers,2008-09,41.0,11.0,30.0,0.268,41.0,8.0,33.0,0.195
Minnesota Timberwolves,2008-09,41.0,11.0,30.0,0.268,41.0,13.0,28.0,0.317
Chicago Bulls,2008-09,41.0,28.0,13.0,0.683,41.0,13.0,28.0,0.317
Toronto Raptors,2008-09,41.0,18.0,23.0,0.439,41.0,15.0,26.0,0.366
Charlotte Bobcats,2008-09,41.0,23.0,18.0,0.561,41.0,12.0,29.0,0.293
Memphis Grizzlies,2008-09,41.0,16.0,25.0,0.39,41.0,8.0,33.0,0.195
Utah Jazz,2008-09,41.0,33.0,8.0,0.805,41.0,15.0,26.0,0.366
Washington Wizards,2008-09,41.0,13.0,28.0,0.317,41.0,6.0,35.0,0.146
Philadelphia 76ers,2008-09,41.0,24.0,17.0,0.585,41.0,17.0,24.0,0.415
Detroit Pistons,2008-09,41.0,21.0,20.0,0.512,41.0,18.0,23.0,0.439
Oklahoma City Thunder,2008-09,41.0,15.0,26.0,0.366,41.0,8.0,33.0,0.195
Orlando Magic,2009-10,41.0,34.0,7.0,0.829,41.0,25.0,16.0,0.61
Phoenix Suns,2009-10,41.0,32.0,9.0,0.78,41.0,22.0,19.0,0.537
New York Knicks,2009-10,41.0,18.0,23.0,0.439,41.0,11.0,30.0,0.268
Milwaukee Bucks,2009-10,41.0,28.0,13.0,0.683,41.0,18.0,23.0,0.439
Golden State Warriors,2009-10,41.0,18.0,23.0,0.439,41.0,8.0,33.0,0.195
Indiana Pacers,2009-10,41.0,23.0,18.0,0.561,41.0,9.0,32.0,0.22
Houston Rockets,2009-10,41.0,23.0,18.0,0.561,41.0,19.0,22.0,0.463
San Antonio Spurs,2009-10,41.0,29.0,12.0,0.707,41.0,21.0,20.0,0.512
Cleveland Cavaliers,2009-10,41.0,35.0,6.0,0.854,41.0,26.0,15.0,0.634
New Orleans Hornets,2009-10,41.0,24.0,17.0,0.585,41.0,13.0,28.0,0.317
Denver Nuggets,2009-10,41.0,34.0,7.0,0.829,41.0,19.0,22.0,0.463
Los Angeles Lakers,2009-10,41.0,34.0,7.0,0.829,41.0,23.0,18.0,0.561
Atlanta Hawks,2009-10,41.0,34.0,7.0,0.829,41.0,19.0,22.0,0.463
Dallas Mavericks,2009-10,41.0,28.0,13.0,0.683,41.0,27.0,14.0,0.659
Portland Trail Blazers,2009-10,41.0,26.0,15.0,0.634,41.0,24.0,17.0,0.585
Miami Heat,2009-10,41.0,24.0,17.0,0.585,41.0,23.0,18.0,0.561
Sacramento Kings,2009-10,41.0,18.0,23.0,0.439,41.0,7.0,34.0,0.171
Boston Celtics,2009-10,41.0,24.0,17.0,0.585,41.0,26.0,15.0,0.634
Los Angeles Clippers,2009-10,41.0,21.0,20.0,0.512,41.0,8.0,33.0,0.195
Charlotte Bobcats,2009-10,41.0,31.0,10.0,0.756,41.0,13.0,28.0,0.317
Utah Jazz,2009-10,41.0,32.0,9.0,0.78,41.0,21.0,20.0,0.512
Toronto Raptors,2009-10,41.0,25.0,16.0,0.61,41.0,15.0,26.0,0.366
Washington Wizards,2009-10,41.0,15.0,26.0,0.366,41.0,11.0,30.0,0.268
Philadelphia 76ers,2009-10,41.0,12.0,29.0,0.293,41.0,15.0,26.0,0.366
Oklahoma City Thunder,2009-10,41.0,27.0,14.0,0.659,41.0,23.0,18.0,0.561
Minnesota Timberwolves,2009-10,41.0,10.0,31.0,0.244,41.0,5.0,36.0,0.122
Memphis Grizzlies,2009-10,41.0,23.0,18.0,0.561,41.0,17.0,24.0,0.415
Chicago Bulls,2009-10,41.0,24.0,17.0,0.585,41.0,17.0,24.0,0.415
Detroit Pistons,2009-10,41.0,17.0,24.0,0.415,41.0,10.0,31.0,0.244
New Jersey Nets,2009-10,41.0,8.0,33.0,0.195,41.0,4.0,37.0,0.098
San Antonio Spurs,2010-11,41.0,36.0,5.0,0.878,41.0,25.0,16.0,0.61
Orlando Magic,2010-11,41.0,29.0,12.0,0.707,41.0,23.0,18.0,0.561
New York Knicks,2010-11,41.0,23.0,18.0,0.561,41.0,19.0,22.0,0.463
Golden State Warriors,2010-11,41.0,26.0,15.0,0.634,41.0,10.0,31.0,0.244
Phoenix Suns,2010-11,41.0,23.0,18.0,0.561,41.0,17.0,24.0,0.415
Denver Nuggets,2010-11,41.0,33.0,8.0,0.805,41.0,17.0,24.0,0.415
Minnesota Timberwolves,2010-11,41.0,12.0,29.0,0.293,41.0,5.0,36.0,0.122
Dallas Mavericks,2010-11,41.0,29.0,12.0,0.707,41.0,28.0,13.0,0.683
Houston Rockets,2010-11,41.0,25.0,16.0,0.61,41.0,18.0,23.0,0.439
Indiana Pacers,2010-11,41.0,24.0,17.0,0.585,41.0,13.0,28.0,0.317
Cleveland Cavaliers,2010-11,41.0,12.0,29.0,0.293,41.0,7.0,34.0,0.171
Chicago Bulls,2010-11,41.0,36.0,5.0,0.878,41.0,26.0,15.0,0.634
Los Angeles Lakers,2010-11,41.0,30.0,11.0,0.732,41.0,27.0,14.0,0.659
Miami Heat,2010-11,41.0,30.0,11.0,0.732,41.0,28.0,13.0,0.683
Portland Trail Blazers,2010-11,41.0,30.0,11.0,0.732,41.0,18.0,23.0,0.439
New Jersey Nets,2010-11,41.0,19.0,22.0,0.463,41.0,5.0,36.0,0.122
Los Angeles Clippers,2010-11,41.0,23.0,18.0,0.561,41.0,9.0,32.0,0.22
Oklahoma City Thunder,2010-11,41.0,30.0,11.0,0.732,41.0,25.0,16.0,0.61
Philadelphia 76ers,2010-11,41.0,26.0,15.0,0.634,41.0,15.0,26.0,0.366
Atlanta Hawks,2010-11,41.0,24.0,17.0,0.585,41.0,20.0,21.0,0.488
Milwaukee Bucks,2010-11,41.0,22.0,19.0,0.537,41.0,13.0,28.0,0.317
Detroit Pistons,2010-11,41.0,21.0,20.0,0.512,41.0,9.0,32.0,0.22
Sacramento Kings,2010-11,41.0,11.0,30.0,0.268,41.0,13.0,28.0,0.317
New Orleans Hornets,2010-11,41.0,28.0,13.0,0.683,41.0,18.0,23.0,0.439
Boston Celtics,2010-11,41.0,33.0,8.0,0.805,41.0,23.0,18.0,0.561
Charlotte Bobcats,2010-11,41.0,21.0,20.0,0.512,41.0,13.0,28.0,0.317
Utah Jazz,2010-11,41.0,21.0,20.0,0.512,41.0,18.0,23.0,0.439
Washington Wizards,2010-11,41.0,20.0,21.0,0.488,41.0,3.0,38.0,0.073
Toronto Raptors,2010-11,41.0,16.0,25.0,0.39,41.0,6.0,35.0,0.146
Memphis Grizzlies,2010-11,41.0,30.0,11.0,0.732,41.0,16.0,25.0,0.39
Orlando Magic,2011-12,33.0,21.0,12.0,0.636,33.0,16.0,17.0,0.485
San Antonio Spurs,2011-12,33.0,28.0,5.0,0.848,33.0,22.0,11.0,0.667
New York Knicks,2011-12,33.0,22.0,11.0,0.667,33.0,14.0,19.0,0.424
Portland Trail Blazers,2011-12,33.0,20.0,13.0,0.606,33.0,8.0,25.0,0.242
Oklahoma City Thunder,2011-12,33.0,26.0,7.0,0.788,33.0,21.0,12.0,0.636
Golden State Warriors,2011-12,33.0,12.0,21.0,0.364,33.0,11.0,22.0,0.333
Los Angeles Clippers,2011-12,33.0,24.0,9.0,0.727,33.0,16.0,17.0,0.485
Atlanta Hawks,2011-12,33.0,23.0,10.0,0.697,33.0,17.0,16.0,0.515
Dallas Mavericks,2011-12,33.0,23.0,10.0,0.697,33.0,13.0,20.0,0.394
Houston Rockets,2011-12,33.0,22.0,11.0,0.667,33.0,12.0,21.0,0.364
New Jersey Nets,2011-12,33.0,9.0,24.0,0.273,33.0,13.0,20.0,0.394
Phoenix Suns,2011-12,33.0,19.0,14.0,0.576,33.0,14.0,19.0,0.424
Minnesota Timberwolves,2011-12,33.0,13.0,20.0,0.394,33.0,13.0,20.0,0.394
Cleveland Cavaliers,2011-12,33.0,11.0,22.0,0.333,33.0,10.0,23.0,0.303
Milwaukee Bucks,2011-12,33.0,17.0,16.0,0.515,33.0,14.0,19.0,0.424
Sacramento Kings,2011-12,33.0,16.0,17.0,0.485,33.0,6.0,27.0,0.182
Denver Nuggets,2011-12,33.0,20.0,13.0,0.606,33.0,18.0,15.0,0.545
Chicago Bulls,2011-12,33.0,26.0,7.0,0.788,33.0,24.0,9.0,0.727
Los Angeles Lakers,2011-12,33.0,26.0,7.0,0.788,33.0,15.0,18.0,0.455
Indiana Pacers,2011-12,33.0,23.0,10.0,0.697,33.0,19.0,14.0,0.576
Miami Heat,2011-12,33.0,28.0,5.0,0.848,33.0,18.0,15.0,0.545
Philadelphia 76ers,2011-12,33.0,19.0,14.0,0.576,33.0,16.0,17.0,0.485
Toronto Raptors,2011-12,33.0,13.0,20.0,0.394,33.0,10.0,23.0,0.303
Boston Celtics,2011-12,33.0,24.0,9.0,0.727,33.0,15.0,18.0,0.455
Detroit Pistons,2011-12,33.0,18.0,15.0,0.545,33.0,7.0,26.0,0.212
Washington Wizards,2011-12,33.0,11.0,22.0,0.333,33.0,9.0,24.0,0.273
Utah Jazz,2011-12,33.0,25.0,8.0,0.758,33.0,11.0,22.0,0.333
Memphis Grizzlies,2011-12,33.0,26.0,7.0,0.788,33.0,15.0,18.0,0.455
New Orleans Hornets,2011-12,33.0,11.0,22.0,0.333,33.0,10.0,23.0,0.303
Charlotte Bobcats,2011-12,33.0,4.0,29.0,0.121,33.0,3.0,30.0,0.091
Houston Rockets,2013-14,41.0,33.0,8.0,0.805,41.0,21.0,20.0,0.512
Phoenix Suns,2013-14,41.0,26.0,15.0,0.634,41.0,22.0,19.0,0.537
Los Angeles Lakers,2013-14,41.0,14.0,27.0,0.341,41.0,13.0,28.0,0.317
New York Knicks,2013-14,41.0,19.0,22.0,0.463,41.0,18.0,23.0,0.439
Golden State Warriors,2013-14,41.0,27.0,14.0,0.659,41.0,24.0,17.0,0.585
Portland Trail Blazers,2013-14,41.0,31.0,10.0,0.756,41.0,23.0,18.0,0.561
Toronto Raptors,2013-14,41.0,26.0,15.0,0.634,41.0,22.0,19.0,0.537
Atlanta Hawks,2013-14,41.0,24.0,17.0,0.585,41.0,14.0,27.0,0.341
San Antonio Spurs,2013-14,41.0,32.0,9.0,0.78,41.0,30.0,11.0,0.732
Brooklyn Nets,2013-14,41.0,28.0,13.0,0.683,41.0,16.0,25.0,0.39
Denver Nuggets,2013-14,41.0,22.0,19.0,0.537,41.0,14.0,27.0,0.341
Dallas Mavericks,2013-14,41.0,26.0,15.0,0.634,41.0,23.0,18.0,0.561
Los Angeles Clippers,2013-14,41.0,34.0,7.0,0.829,41.0,23.0,18.0,0.561
Oklahoma City Thunder,2013-14,41.0,34.0,7.0,0.829,41.0,25.0,16.0,0.61
Miami Heat,2013-14,41.0,32.0,9.0,0.78,41.0,22.0,19.0,0.537
Boston Celtics,2013-14,41.0,16.0,25.0,0.39,41.0,9.0,32.0,0.22
Philadelphia 76ers,2013-14,41.0,10.0,31.0,0.244,41.0,9.0,32.0,0.22
Cleveland Cavaliers,2013-14,41.0,19.0,22.0,0.463,41.0,14.0,27.0,0.341
Washington Wizards,2013-14,41.0,22.0,19.0,0.537,41.0,22.0,19.0,0.537
Orlando Magic,2013-14,41.0,19.0,22.0,0.463,41.0,4.0,37.0,0.098
Minnesota Timberwolves,2013-14,41.0,24.0,17.0,0.585,41.0,16.0,25.0,0.39
Milwaukee Bucks,2013-14,41.0,10.0,31.0,0.244,41.0,5.0,36.0,0.122
Utah Jazz,2013-14,41.0,16.0,25.0,0.39,41.0,9.0,32.0,0.22
Sacramento Kings,2013-14,41.0,17.0,24.0,0.415,41.0,11.0,30.0,0.268
Indiana Pacers,2013-14,41.0,35.0,6.0,0.854,41.0,21.0,20.0,0.512
New Orleans Pelicans,2013-14,41.0,22.0,19.0,0.537,41.0,12.0,29.0,0.293
Charlotte Bobcats,2013-14,41.0,25.0,16.0,0.61,41.0,18.0,23.0,0.439
Chicago Bulls,2013-14,41.0,27.0,14.0,0.659,41.0,21.0,20.0,0.512
Detroit Pistons,2013-14,41.0,17.0,24.0,0.415,41.0,12.0,29.0,0.293
Memphis Grizzlies,2013-14,41.0,27.0,14.0,0.659,41.0,23.0,18.0,0.561
Houston Rockets,2014-15,41.0,30.0,11.0,0.732,41.0,26.0,15.0,0.634
Golden State Warriors,2014-15,41.0,39.0,2.0,0.951,41.0,28.0,13.0,0.683
Cleveland Cavaliers,2014-15,41.0,31.0,10.0,0.756,41.0,22.0,19.0,0.537
Atlanta Hawks,2014-15,41.0,35.0,6.0,0.854,41.0,25.0,16.0,0.61
Portland Trail Blazers,2014-15,41.0,32.0,9.0,0.78,41.0,19.0,22.0,0.463
Los Angeles Clippers,2014-15,41.0,30.0,11.0,0.732,41.0,26.0,15.0,0.634
Detroit Pistons,2014-15,41.0,18.0,23.0,0.439,41.0,14.0,27.0,0.341
San Antonio Spurs,2014-15,41.0,33.0,8.0,0.805,41.0,22.0,19.0,0.537
Toronto Raptors,2014-15,41.0,27.0,14.0,0.659,41.0,22.0,19.0,0.537
Phoenix Suns,2014-15,41.0,22.0,19.0,0.537,41.0,17.0,24.0,0.415
Dallas Mavericks,2014-15,41.0,27.0,14.0,0.659,41.0,23.0,18.0,0.561
Philadelphia 76ers,2014-15,41.0,12.0,29.0,0.293,41.0,6.0,35.0,0.146
Denver Nuggets,2014-15,41.0,19.0,22.0,0.463,41.0,11.0,30.0,0.268
Boston Celtics,2014-15,41.0,21.0,20.0,0.512,41.0,19.0,22.0,0.463
Oklahoma City Thunder,2014-15,41.0,29.0,12.0,0.707,41.0,16.0,25.0,0.39
Chicago Bulls,2014-15,41.0,27.0,14.0,0.659,41.0,23.0,18.0,0.561
Utah Jazz,2014-15,41.0,21.0,20.0,0.512,41.0,17.0,24.0,0.415
Indiana Pacers,2014-15,41.0,23.0,18.0,0.561,41.0,15.0,26.0,0.366
New Orleans Pelicans,2014-15,41.0,28.0,13.0,0.683,41.0,17.0,24.0,0.415
Miami Heat,2014-15,41.0,20.0,21.0,0.488,41.0,17.0,24.0,0.415
Milwaukee Bucks,2014-15,41.0,23.0,18.0,0.561,41.0,18.0,23.0,0.439
Brooklyn Nets,2014-15,41.0,19.0,22.0,0.463,41.0,19.0,22.0,0.463
Orlando Magic,2014-15,41.0,13.0,28.0,0.317,41.0,12.0,29.0,0.293
New York Knicks,2014-15,41.0,10.0,31.0,0.244,41.0,7.0,34.0,0.171
Washington Wizards,2014-15,41.0,29.0,12.0,0.707,41.0,17.0,24.0,0.415
Charlotte Hornets,2014-15,41.0,19.0,22.0,0.463,41.0,14.0,27.0,0.341
Los Angeles Lakers,2014-15,41.0,12.0,29.0,0.293,41.0,9.0,32.0,0.22
Sacramento Kings,2014-15,41.0,18.0,23.0,0.439,41.0,11.0,30.0,0.268
Memphis Grizzlies,2014-15,41.0,31.0,10.0,0.756,41.0,24.0,17.0,0.585
Minnesota Timberwolves,2014-15,41.0,9.0,32.0,0.22,41.0,7.0,34.0,0.171
Houston Rockets,2016-17,41.0,30.0,11.0,0.732,41.0,25.0,16.0,0.61
Cleveland Cavaliers,2016-17,41.0,31.0,10.0,0.756,41.0,20.0,21.0,0.488
Golden State Warriors,2016-17,41.0,36.0,5.0,0.878,41.0,31.0,10.0,0.756
Boston Celtics,2016-17,41.0,30.0,11.0,0.732,41.0,23.0,18.0,0.561
Portland Trail Blazers,2016-17,41.0,25.0,16.0,0.61,40.0,16.0,24.0,0.4
Denver Nuggets,2016-17,41.0,22.0,19.0,0.537,41.0,18.0,23.0,0.439
Brooklyn Nets,2016-17,41.0,13.0,28.0,0.317,41.0,7.0,34.0,0.171
Dallas Mavericks,2016-17,41.0,21.0,20.0,0.512,41.0,12.0,29.0,0.293
Miami Heat,2016-17,41.0,23.0,18.0,0.561,41.0,18.0,23.0,0.439
Philadelphia 76ers,2016-17,41.0,17.0,24.0,0.415,41.0,11.0,30.0,0.268
Utah Jazz,2016-17,41.0,29.0,12.0,0.707,41.0,22.0,19.0,0.537
Charlotte Hornets,2016-17,41.0,22.0,19.0,0.537,41.0,14.0,27.0,0.341
LA Clippers,2016-17,41.0,29.0,12.0,0.707,41.0,22.0,19.0,0.537
Washington Wizards,2016-17,41.0,30.0,11.0,0.732,41.0,19.0,22.0,0.463
New Orleans Pelicans,2016-17,41.0,21.0,20.0,0.512,41.0,13.0,28.0,0.317
San Antonio Spurs,2016-17,41.0,31.0,10.0,0.756,41.0,30.0,11.0,0.732
Sacramento Kings,2016-17,41.0,17.0,24.0,0.415,41.0,15.0,26.0,0.366
Los Angeles Lakers,2016-17,41.0,17.0,24.0,0.415,41.0,9.0,32.0,0.22
Toronto Raptors,2016-17,41.0,28.0,13.0,0.683,41.0,23.0,18.0,0.561
Memphis Grizzlies,2016-17,40.0,23.0,17.0,0.575,41.0,19.0,22.0,0.463
Atlanta Hawks,2016-17,41.0,23.0,18.0,0.561,41.0,20.0,21.0,0.488
Indiana Pacers,2016-17,41.0,29.0,12.0,0.707,41.0,13.0,28.0,0.317
New York Knicks,2016-17,41.0,19.0,22.0,0.463,41.0,12.0,29.0,0.293
Milwaukee Bucks,2016-17,41.0,23.0,18.0,0.561,41.0,19.0,22.0,0.463
Oklahoma City Thunder,2016-17,41.0,28.0,13.0,0.683,41.0,19.0,22.0,0.463
Orlando Magic,2016-17,41.0,16.0,25.0,0.39,41.0,13.0,28.0,0.317
Detroit Pistons,2016-17,41.0,24.0,17.0,0.585,41.0,13.0,28.0,0.317
Minnesota Timberwolves,2016-17,41.0,20.0,21.0,0.488,41.0,11.0,30.0,0.268
Phoenix Suns,2016-17,41.0,15.0,26.0,0.366,41.0,9.0,32.0,0.22
Chicago Bulls,2016-17,41.0,25.0,16.0,0.61,41.0,16.0,25.0,0.39
Houston Rockets,2018-19,41.0,31.0,10.0,0.756,41.0,22.0,19.0,0.537
Milwaukee Bucks,2018-19,41.0,33.0,8.0,0.805,41.0,27.0,14.0,0.659
Atlanta Hawks,2018-19,41.0,17.0,24.0,0.415,41.0,12.0,29.0,0.293
Golden State Warriors,2018-19,41.0,30.0,11.0,0.732,41.0,27.0,14.0,0.659
Utah Jazz,2018-19,41.0,29.0,12.0,0.707,41.0,21.0,20.0,0.512
Brooklyn Nets,2018-19,41.0,23.0,18.0,0.561,41.0,19.0,22.0,0.463
Boston Celtics,2018-19,41.0,28.0,13.0,0.683,41.0,21.0,20.0,0.512
Dallas Mavericks,2018-19,41.0,24.0,17.0,0.585,41.0,9.0,32.0,0.22
Toronto Raptors,2018-19,41.0,32.0,9.0,0.78,41.0,26.0,15.0,0.634
Charlotte Hornets,2018-19,41.0,25.0,16.0,0.61,41.0,14.0,27.0,0.341
Portland Trail Blazers,2018-19,41.0,32.0,9.0,0.78,41.0,21.0,20.0,0.512
Detroit Pistons,2018-19,41.0,26.0,15.0,0.634,41.0,15.0,26.0,0.366
Oklahoma City Thunder,2018-19,41.0,27.0,14.0,0.659,41.0,22.0,19.0,0.537
Sacramento Kings,2018-19,41.0,24.0,17.0,0.585,41.0,15.0,26.0,0.366
Orlando Magic,2018-19,41.0,25.0,16.0,0.61,41.0,17.0,24.0,0.415
Philadelphia 76ers,2018-19,41.0,31.0,10.0,0.756,41.0,20.0,21.0,0.488
Miami Heat,2018-19,41.0,19.0,22.0,0.463,41.0,20.0,21.0,0.488
Washington Wizards,2018-19,41.0,22.0,19.0,0.537,41.0,10.0,31.0,0.244
Denver Nuggets,2018-19,41.0,34.0,7.0,0.829,41.0,20.0,21.0,0.488
Cleveland Cavaliers,2018-19,41.0,13.0,28.0,0.317,41.0,6.0,35.0,0.146
New York Knicks,2018-19,41.0,9.0,32.0,0.22,41.0,8.0,33.0,0.195
Minnesota Timberwolves,2018-19,41.0,25.0,16.0,0.61,41.0,11.0,30.0,0.268
LA Clippers,2018-19,41.0,26.0,15.0,0.634,41.0,22.0,19.0,0.537
San Antonio Spurs,2018-19,41.0,32.0,9.0,0.78,41.0,16.0,25.0,0.39
New Orleans Pelicans,2018-19,41.0,19.0,22.0,0.463,41.0,14.0,27.0,0.341
Phoenix Suns,2018-19,41.0,12.0,29.0,0.293,41.0,7.0,34.0,0.171
Indiana Pacers,2018-19,41.0,29.0,12.0,0.707,41.0,19.0,22.0,0.463
Los Angeles Lakers,2018-19,41.0,22.0,19.0,0.537,41.0,15.0,26.0,0.366
Memphis Grizzlies,2018-19,41.0,21.0,20.0,0.512,41.0,12.0,29.0,0.293
Chicago Bulls,2018-19,41.0,9.0,32.0,0.22,41.0,13.0,28.0,0.317
New York Knicks,2012-13,41.0,31.0,10.0,0.756,41.0,23.0,18.0,0.561
Houston Rockets,2012-13,41.0,29.0,12.0,0.707,41.0,16.0,25.0,0.39
Atlanta Hawks,2012-13,41.0,25.0,16.0,0.61,41.0,19.0,22.0,0.463
Miami Heat,2012-13,41.0,37.0,4.0,0.902,41.0,29.0,12.0,0.707
Los Angeles Lakers,2012-13,41.0,29.0,12.0,0.707,41.0,16.0,25.0,0.39
Los Angeles Clippers,2012-13,41.0,32.0,9.0,0.78,41.0,24.0,17.0,0.585
Golden State Warriors,2012-13,41.0,28.0,13.0,0.683,41.0,19.0,22.0,0.463
San Antonio Spurs,2012-13,41.0,35.0,6.0,0.854,41.0,23.0,18.0,0.561
Sacramento Kings,2012-13,41.0,20.0,21.0,0.488,41.0,8.0,33.0,0.195
Brooklyn Nets,2012-13,41.0,26.0,15.0,0.634,41.0,23.0,18.0,0.561
Portland Trail Blazers,2012-13,41.0,22.0,19.0,0.537,41.0,11.0,30.0,0.268
Dallas Mavericks,2012-13,41.0,24.0,17.0,0.585,41.0,17.0,24.0,0.415
Oklahoma City Thunder,2012-13,41.0,34.0,7.0,0.829,41.0,26.0,15.0,0.634
Indiana Pacers,2012-13,41.0,30.0,11.0,0.732,40.0,19.0,21.0,0.475
Milwaukee Bucks,2012-13,41.0,21.0,20.0,0.512,41.0,17.0,24.0,0.415
Orlando Magic,2012-13,41.0,12.0,29.0,0.293,41.0,8.0,33.0,0.195
Toronto Raptors,2012-13,41.0,21.0,20.0,0.512,41.0,13.0,28.0,0.317
Denver Nuggets,2012-13,41.0,38.0,3.0,0.927,41.0,19.0,22.0,0.463
Washington Wizards,2012-13,41.0,22.0,19.0,0.537,41.0,7.0,34.0,0.171
Cleveland Cavaliers,2012-13,41.0,14.0,27.0,0.341,41.0,10.0,31.0,0.244
New Orleans Hornets,2012-13,41.0,16.0,25.0,0.39,41.0,11.0,30.0,0.268
Philadelphia 76ers,2012-13,41.0,23.0,18.0,0.561,41.0,11.0,30.0,0.268
Utah Jazz,2012-13,41.0,30.0,11.0,0.732,41.0,13.0,28.0,0.317
Detroit Pistons,2012-13,41.0,18.0,23.0,0.439,41.0,11.0,30.0,0.268
Phoenix Suns,2012-13,41.0,17.0,24.0,0.415,41.0,8.0,33.0,0.195
Boston Celtics,2012-13,40.0,27.0,13.0,0.675,41.0,14.0,27.0,0.341
Charlotte Bobcats,2012-13,41.0,15.0,26.0,0.366,41.0,6.0,35.0,0.146
Chicago Bulls,2012-13,41.0,24.0,17.0,0.585,41.0,21.0,20.0,0.512
Minnesota Timberwolves,2012-13,41.0,20.0,21.0,0.488,41.0,11.0,30.0,0.268
Memphis Grizzlies,2012-13,41.0,32.0,9.0,0.78,41.0,24.0,17.0,0.585
Golden State Warriors,2015-16,41.0,39.0,2.0,0.951,41.0,34.0,7.0,0.829
Portland Trail Blazers,2015-16,41.0,28.0,13.0,0.683,41.0,16.0,25.0,0.39
Houston Rockets,2015-16,41.0,23.0,18.0,0.561,41.0,18.0,23.0,0.439
Charlotte Hornets,2015-16,41.0,30.0,11.0,0.732,41.0,18.0,23.0,0.439
Cleveland Cavaliers,2015-16,41.0,33.0,8.0,0.805,41.0,24.0,17.0,0.585
Atlanta Hawks,2015-16,41.0,27.0,14.0,0.659,41.0,21.0,20.0,0.512
LA Clippers,2015-16,41.0,29.0,12.0,0.707,41.0,24.0,17.0,0.585
Dallas Mavericks,2015-16,41.0,23.0,18.0,0.561,41.0,19.0,22.0,0.463
New Orleans Pelicans,2015-16,41.0,21.0,20.0,0.512,41.0,9.0,32.0,0.22
Phoenix Suns,2015-16,41.0,14.0,27.0,0.341,41.0,9.0,32.0,0.22
Philadelphia 76ers,2015-16,41.0,7.0,34.0,0.171,41.0,3.0,38.0,0.073
Detroit Pistons,2015-16,41.0,26.0,15.0,0.634,41.0,18.0,23.0,0.439
Utah Jazz,2015-16,41.0,24.0,17.0,0.585,41.0,16.0,25.0,0.39
Toronto Raptors,2015-16,41.0,32.0,9.0,0.78,41.0,24.0,17.0,0.585
Washington Wizards,2015-16,41.0,22.0,19.0,0.537,41.0,19.0,22.0,0.463
Boston Celtics,2015-16,41.0,28.0,13.0,0.683,41.0,20.0,21.0,0.488
Orlando Magic,2015-16,41.0,23.0,18.0,0.561,41.0,12.0,29.0,0.293
Sacramento Kings,2015-16,41.0,18.0,23.0,0.439,41.0,15.0,26.0,0.366
Indiana Pacers,2015-16,41.0,26.0,15.0,0.634,41.0,19.0,22.0,0.463
Denver Nuggets,2015-16,41.0,18.0,23.0,0.439,41.0,15.0,26.0,0.366
Oklahoma City Thunder,2015-16,41.0,32.0,9.0,0.78,41.0,23.0,18.0,0.561
Chicago Bulls,2015-16,41.0,26.0,15.0,0.634,41.0,16.0,25.0,0.39
San Antonio Spurs,2015-16,41.0,40.0,1.0,0.976,41.0,27.0,14.0,0.659
New York Knicks,2015-16,41.0,18.0,23.0,0.439,41.0,14.0,27.0,0.341
Los Angeles Lakers,2015-16,41.0,12.0,29.0,0.293,41.0,5.0,36.0,0.122
Brooklyn Nets,2015-16,41.0,14.0,27.0,0.341,41.0,7.0,34.0,0.171
Memphis Grizzlies,2015-16,41.0,26.0,15.0,0.634,41.0,16.0,25.0,0.39
Miami Heat,2015-16,41.0,28.0,13.0,0.683,41.0,20.0,21.0,0.488
Milwaukee Bucks,2015-16,41.0,23.0,18.0,0.561,41.0,10.0,31.0,0.244
Minnesota Timberwolves,2015-16,41.0,14.0,27.0,0.341,41.0,15.0,26.0,0.366
Houston Rockets,2017-18,41.0,34.0,7.0,0.829,41.0,31.0,10.0,0.756
Brooklyn Nets,2017-18,41.0,15.0,26.0,0.366,41.0,13.0,28.0,0.317
Toronto Raptors,2017-18,41.0,34.0,7.0,0.829,41.0,25.0,16.0,0.61
Dallas Mavericks,2017-18,41.0,15.0,26.0,0.366,41.0,9.0,32.0,0.22
Chicago Bulls,2017-18,41.0,17.0,24.0,0.415,41.0,10.0,31.0,0.244
Atlanta Hawks,2017-18,41.0,16.0,25.0,0.39,41.0,8.0,33.0,0.195
Boston Celtics,2017-18,41.0,27.0,14.0,0.659,41.0,28.0,13.0,0.683
Denver Nuggets,2017-18,41.0,31.0,10.0,0.756,41.0,15.0,26.0,0.366
Golden State Warriors,2017-18,41.0,29.0,12.0,0.707,41.0,29.0,12.0,0.707
Cleveland Cavaliers,2017-18,41.0,29.0,12.0,0.707,41.0,21.0,20.0,0.512
Detroit Pistons,2017-18,41.0,25.0,16.0,0.61,41.0,14.0,27.0,0.341
Portland Trail Blazers,2017-18,41.0,28.0,13.0,0.683,41.0,21.0,20.0,0.512
Miami Heat,2017-18,41.0,26.0,15.0,0.634,41.0,18.0,23.0,0.439
Philadelphia 76ers,2017-18,41.0,30.0,11.0,0.732,41.0,22.0,19.0,0.537
Utah Jazz,2017-18,41.0,28.0,13.0,0.683,41.0,20.0,21.0,0.488
Oklahoma City Thunder,2017-18,41.0,27.0,14.0,0.659,41.0,21.0,20.0,0.512
Washington Wizards,2017-18,41.0,23.0,18.0,0.561,41.0,20.0,21.0,0.488
Orlando Magic,2017-18,41.0,17.0,24.0,0.415,41.0,8.0,33.0,0.195
Charlotte Hornets,2017-18,41.0,21.0,20.0,0.512,41.0,15.0,26.0,0.366
New Orleans Pelicans,2017-18,41.0,24.0,17.0,0.585,41.0,24.0,17.0,0.585
Indiana Pacers,2017-18,41.0,27.0,14.0,0.659,41.0,21.0,20.0,0.512
Memphis Grizzlies,2017-18,41.0,16.0,25.0,0.39,41.0,6.0,35.0,0.146
Los Angeles Lakers,2017-18,41.0,20.0,21.0,0.488,41.0,15.0,26.0,0.366
LA Clippers,2017-18,41.0,22.0,19.0,0.537,41.0,20.0,21.0,0.488
Phoenix Suns,2017-18,41.0,10.0,31.0,0.244,41.0,11.0,30.0,0.268
San Antonio Spurs,2017-18,41.0,33.0,8.0,0.805,41.0,14.0,27.0,0.341
New York Knicks,2017-18,41.0,19.0,22.0,0.463,41.0,10.0,31.0,0.244
Sacramento Kings,2017-18,41.0,14.0,27.0,0.341,41.0,13.0,28.0,0.317
Milwaukee Bucks,2017-18,41.0,25.0,16.0,0.61,41.0,19.0,22.0,0.463
Minnesota Timberwolves,2017-18,41.0,30.0,11.0,0.732,41.0,17.0,24.0,0.415
